image: 2017-02-11-00-31-57_bw.png
resolution: 0.100000
origin: [0.0, 0.0, 0.000000]
negate: 0
occupied_thresh: 0.65
free_thresh: 0.196

