N_ROBOTS = 3
;

START =
5
4
3
;

VERTEXES = 6
;

VELOCITY = 1
;

POINTS_TO_EXPLORE =
0 4
2 4
3 2
1 2
3 5
0 5
3 4
5 2
4 5
1 4
;

DISTANCE_MATRIX =
0 0  0
0 1  14
0 2  27
0 3  35
0 4  40
0 5  10
1 0  14
1 1  0
1 2  17
1 3  24
1 4  42
1 5  18
2 0  27
2 1  17
2 2  0
2 3  21
2 4  38
2 5  25
3 0  35
3 1  24
3 2  21
3 3  0
3 4  19
3 5  31
4 0  40
4 1  42
4 2  38
4 3  19
4 4  0
4 5  29
5 0  10
5 1  18
5 2  25
5 3  31
5 4  29
5 5  0
;
